0.83957
0.69776
0.68372
0.99399
0.51887
0.94258
0.95664
0.89809
0.54936
0.63094
0.66768
0.83986
0.56828
0.86061
0.55338
0.82688
0.74709
0.88953
0.85752
0.95186
0.94546
0.66708
0.84937
0.5989
0.51527
0.87204
0.75001
0.73996
0.95236
0.80493
0.80883
0.92972
0.90274
0.78836
0.59146
0.61997
0.94326
0.51434
0.74495
0.58396
0.98934
0.85635
0.75024
0.73554
0.52981
0.84099
0.52122
0.53572
0.76082
0.54837
0.90907
0.90877
0.86122
0.57493
0.8298
0.7593
0.98649
0.8245
0.90017
0.7269
0.7162
0.91266
0.54173
0.56659
